./output/001_jpg
3024 4032
2703 2485
27
0 1488 175 336 338
1 1824 175 338 338
2 2162 175 347 338
3 154 183 336 338
4 490 183 341 338
5 831 183 344 338
6 1488 513 336 346
7 1824 513 338 346
8 2162 513 347 346
9 154 521 336 344
10 490 521 341 344
11 831 521 344 344
12 1488 859 336 344
13 1824 859 338 344
14 154 865 336 343
15 490 865 341 343
16 831 865 344 343
17 20 1245 1295 1214
18 160 1410 337 334
19 497 1410 339 334
20 836 1410 342 334
21 160 1744 337 334
22 497 1744 339 334
23 836 1744 342 334
24 160 2078 337 339
25 497 2078 339 339
26 836 2078 342 339
