./output/003_jpg
1053 765
992 705
581
0 6 29 208 15
1 214 29 38 15
2 252 29 113 15
3 365 29 37 15
4 402 29 221 15
5 623 29 359 15
6 6 44 208 15
7 214 44 38 15
8 252 44 113 15
9 365 44 37 15
10 402 44 221 15
11 623 44 78 15
12 701 44 37 15
13 738 44 77 15
14 815 44 53 15
15 868 44 77 15
16 945 44 37 15
17 6 59 472 15
18 478 59 145 15
19 623 59 78 15
20 701 59 37 15
21 738 59 77 15
22 815 59 53 15
23 868 59 77 15
24 945 59 37 15
25 6 74 246 16
26 252 74 226 16
27 478 74 260 16
28 738 74 244 16
29 6 90 126 15
30 132 90 36 15
31 168 90 47 15
32 215 90 37 15
33 252 90 113 15
34 365 90 37 15
35 402 90 39 15
36 441 90 37 15
37 478 90 146 15
38 624 90 38 15
39 662 90 38 15
40 700 90 38 15
41 738 90 130 15
42 868 90 38 15
43 906 90 39 15
44 945 90 37 15
45 6 105 126 15
46 132 105 36 15
47 168 105 47 15
48 215 105 37 15
49 252 105 113 15
50 365 105 37 15
51 402 105 39 15
52 441 105 37 15
53 478 105 146 15
54 624 105 38 15
55 662 105 38 15
56 700 105 38 15
57 738 105 130 15
58 868 105 38 15
59 906 105 39 15
60 945 105 37 15
61 6 120 126 16
62 132 120 36 16
63 168 120 47 16
64 215 120 37 16
65 252 120 113 16
66 365 120 37 16
67 402 120 39 16
68 441 120 37 16
69 478 120 146 16
70 624 120 38 16
71 662 120 38 16
72 700 120 38 16
73 738 120 130 16
74 868 120 38 16
75 906 120 39 16
76 945 120 37 16
77 6 136 126 15
78 132 136 36 15
79 168 136 47 15
80 215 136 37 15
81 252 136 113 15
82 365 136 37 15
83 402 136 39 15
84 441 136 37 15
85 478 136 146 15
86 624 136 38 15
87 662 136 38 15
88 700 136 38 15
89 738 136 130 15
90 868 136 38 15
91 906 136 39 15
92 945 136 37 15
93 6 151 126 16
94 132 151 36 16
95 168 151 47 16
96 215 151 37 16
97 252 151 113 16
98 365 151 37 16
99 402 151 39 16
100 441 151 37 16
101 478 151 146 16
102 624 151 38 16
103 662 151 38 16
104 700 151 38 16
105 738 151 130 16
106 868 151 38 16
107 906 151 39 16
108 945 151 37 16
109 6 167 126 15
110 132 167 36 15
111 168 167 47 15
112 215 167 37 15
113 252 167 113 15
114 365 167 37 15
115 402 167 39 15
116 441 167 37 15
117 478 167 146 15
118 624 167 38 15
119 662 167 38 15
120 700 167 38 15
121 738 167 130 15
122 868 167 38 15
123 906 167 39 15
124 945 167 37 15
125 6 182 126 15
126 132 182 36 15
127 168 182 47 15
128 215 182 37 15
129 252 182 113 15
130 365 182 37 15
131 402 182 39 15
132 441 182 37 15
133 478 182 146 15
134 624 182 38 15
135 662 182 38 15
136 700 182 38 15
137 738 182 130 15
138 868 182 38 15
139 906 182 39 15
140 945 182 37 15
141 6 197 126 15
142 132 197 36 15
143 168 197 47 15
144 215 197 37 15
145 252 197 10 15
146 262 197 103 15
147 365 197 37 15
148 402 197 39 15
149 441 197 37 15
150 478 197 146 15
151 624 197 38 15
152 662 197 38 15
153 700 197 38 15
154 738 197 130 15
155 868 197 38 15
156 906 197 39 15
157 945 197 37 15
158 6 212 126 16
159 132 212 36 16
160 168 212 47 16
161 215 212 37 16
162 252 212 10 16
163 262 212 103 16
164 365 212 37 16
165 402 212 39 16
166 441 212 37 16
167 478 212 146 16
168 624 212 38 16
169 662 212 38 16
170 700 212 38 16
171 738 212 130 16
172 868 212 38 16
173 906 212 39 16
174 945 212 37 16
175 6 228 126 15
176 132 228 36 15
177 168 228 47 15
178 215 228 37 15
179 252 228 113 15
180 365 228 37 15
181 402 228 39 15
182 441 228 37 15
183 478 228 146 15
184 624 228 38 15
185 662 228 38 15
186 700 228 38 15
187 738 228 130 15
188 868 228 38 15
189 906 228 39 15
190 945 228 37 15
191 6 243 126 15
192 132 243 36 15
193 168 243 47 15
194 215 243 37 15
195 252 243 113 15
196 365 243 37 15
197 402 243 39 15
198 441 243 37 15
199 478 243 146 15
200 624 243 38 15
201 662 243 38 15
202 700 243 38 15
203 738 243 130 15
204 868 243 38 15
205 906 243 39 15
206 945 243 37 15
207 6 258 126 16
208 132 258 36 16
209 168 258 47 16
210 215 258 37 16
211 252 258 113 16
212 365 258 37 16
213 402 258 39 16
214 441 258 37 16
215 478 258 146 16
216 624 258 38 16
217 662 258 38 16
218 700 258 38 16
219 738 258 130 16
220 868 258 38 16
221 906 258 39 16
222 945 258 37 16
223 6 274 126 15
224 132 274 36 15
225 168 274 47 15
226 215 274 37 15
227 252 274 113 15
228 365 274 37 15
229 402 274 39 15
230 441 274 37 15
231 478 274 146 15
232 624 274 38 15
233 662 274 38 15
234 700 274 38 15
235 738 274 130 15
236 868 274 38 15
237 906 274 39 15
238 945 274 37 15
239 6 289 126 15
240 132 289 36 15
241 168 289 47 15
242 215 289 37 15
243 252 289 113 15
244 365 289 37 15
245 402 289 39 15
246 441 289 37 15
247 478 289 146 15
248 624 289 38 15
249 662 289 38 15
250 700 289 38 15
251 738 289 130 15
252 868 289 38 15
253 906 289 39 15
254 945 289 37 15
255 6 304 126 15
256 132 304 36 15
257 168 304 47 15
258 215 304 37 15
259 252 304 113 15
260 365 304 37 15
261 402 304 39 15
262 441 304 37 15
263 478 304 146 15
264 624 304 38 15
265 662 304 38 15
266 700 304 38 15
267 738 304 130 15
268 868 304 38 15
269 906 304 39 15
270 945 304 37 15
271 6 319 126 16
272 132 319 36 16
273 168 319 47 16
274 215 319 37 16
275 252 319 113 16
276 365 319 37 16
277 402 319 39 16
278 441 319 37 16
279 478 319 146 16
280 624 319 38 16
281 662 319 38 16
282 700 319 38 16
283 738 319 130 16
284 868 319 38 16
285 906 319 39 16
286 945 319 37 16
287 6 335 126 15
288 132 335 36 15
289 168 335 47 15
290 215 335 37 15
291 252 335 113 15
292 365 335 37 15
293 402 335 39 15
294 441 335 37 15
295 478 335 146 15
296 624 335 38 15
297 662 335 38 15
298 700 335 38 15
299 738 335 130 15
300 868 335 38 15
301 906 335 39 15
302 945 335 37 15
303 6 350 209 16
304 215 350 37 16
305 252 350 189 16
306 441 350 37 16
307 478 350 222 16
308 700 350 38 16
309 945 350 37 16
310 738 350 244 31
311 6 366 246 15
312 252 366 226 15
313 478 366 260 15
314 6 381 126 15
315 132 381 36 15
316 168 381 47 15
317 215 381 37 15
318 252 381 113 15
319 365 381 37 15
320 402 381 38 15
321 440 381 38 15
322 478 381 146 15
323 624 381 38 15
324 662 381 38 15
325 700 381 38 15
326 738 381 129 15
327 867 381 38 15
328 905 381 39 15
329 944 381 38 15
330 6 396 126 15
331 132 396 36 15
332 168 396 47 15
333 215 396 37 15
334 252 396 113 15
335 365 396 37 15
336 402 396 38 15
337 440 396 38 15
338 478 396 146 15
339 624 396 38 15
340 662 396 38 15
341 700 396 38 15
342 738 396 129 15
343 867 396 38 15
344 905 396 39 15
345 944 396 38 15
346 6 411 126 16
347 132 411 36 16
348 168 411 47 16
349 215 411 37 16
350 252 411 113 16
351 365 411 37 16
352 402 411 38 16
353 440 411 38 16
354 478 411 146 16
355 624 411 38 16
356 662 411 38 16
357 700 411 38 16
358 738 411 129 16
359 867 411 38 16
360 905 411 39 16
361 944 411 38 16
362 6 427 126 15
363 132 427 36 15
364 168 427 47 15
365 215 427 37 15
366 252 427 113 15
367 365 427 37 15
368 402 427 38 15
369 440 427 38 15
370 478 427 146 15
371 624 427 38 15
372 662 427 38 15
373 700 427 38 15
374 738 427 129 15
375 867 427 38 15
376 905 427 39 15
377 944 427 38 15
378 6 442 126 15
379 168 442 47 15
380 215 442 37 15
381 252 442 113 15
382 365 442 37 15
383 402 442 38 15
384 440 442 38 15
385 478 442 146 15
386 624 442 38 15
387 662 442 38 15
388 700 442 38 15
389 738 442 129 15
390 867 442 38 15
391 905 442 39 15
392 944 442 38 15
393 132 442 36 30
394 6 457 126 15
395 168 457 47 15
396 215 457 37 15
397 252 457 113 15
398 365 457 37 15
399 402 457 38 15
400 440 457 38 15
401 478 457 146 15
402 624 457 38 15
403 662 457 38 15
404 700 457 38 15
405 738 457 129 15
406 867 457 38 15
407 905 457 39 15
408 944 457 38 15
409 6 472 126 16
410 132 472 36 16
411 168 472 47 16
412 215 472 37 16
413 252 472 113 16
414 365 472 37 16
415 402 472 38 16
416 440 472 38 16
417 478 472 146 16
418 624 472 38 16
419 662 472 38 16
420 700 472 38 16
421 738 472 129 16
422 867 472 38 16
423 905 472 39 16
424 944 472 38 16
425 6 488 126 15
426 132 488 36 15
427 168 488 47 15
428 215 488 37 15
429 252 488 113 15
430 365 488 37 15
431 402 488 38 15
432 440 488 38 15
433 478 488 146 15
434 624 488 38 15
435 662 488 38 15
436 700 488 38 15
437 738 488 129 15
438 867 488 38 15
439 905 488 39 15
440 944 488 38 15
441 6 503 126 15
442 132 503 36 15
443 168 503 47 15
444 215 503 37 15
445 252 503 113 15
446 365 503 37 15
447 402 503 38 15
448 440 503 38 15
449 478 503 146 15
450 624 503 38 15
451 662 503 38 15
452 700 503 38 15
453 738 503 129 15
454 867 503 38 15
455 905 503 39 15
456 944 503 38 15
457 6 518 126 16
458 132 518 36 16
459 168 518 47 16
460 215 518 37 16
461 252 518 113 16
462 365 518 37 16
463 402 518 38 16
464 440 518 38 16
465 478 518 146 16
466 624 518 38 16
467 662 518 38 16
468 700 518 38 16
469 738 518 129 16
470 867 518 38 16
471 905 518 39 16
472 944 518 38 16
473 6 534 126 15
474 132 534 36 15
475 168 534 47 15
476 215 534 37 15
477 252 534 113 15
478 365 534 37 15
479 402 534 38 15
480 440 534 38 15
481 478 534 146 15
482 624 534 38 15
483 662 534 38 15
484 700 534 38 15
485 738 534 129 15
486 867 534 38 15
487 905 534 39 15
488 944 534 38 15
489 6 549 126 16
490 132 549 36 16
491 168 549 47 16
492 215 549 37 16
493 252 549 113 16
494 365 549 37 16
495 402 549 38 16
496 440 549 38 16
497 478 549 146 16
498 624 549 38 16
499 662 549 38 16
500 700 549 38 16
501 738 549 129 16
502 867 549 38 16
503 905 549 39 16
504 944 549 38 16
505 6 565 126 16
506 132 565 36 16
507 168 565 47 16
508 215 565 37 16
509 252 565 113 16
510 365 565 37 16
511 402 565 38 16
512 440 565 38 16
513 478 565 146 16
514 624 565 38 16
515 662 565 38 16
516 700 565 38 16
517 867 565 38 16
518 905 565 39 16
519 944 565 38 16
520 738 565 129 31
521 6 581 126 15
522 132 581 36 15
523 168 581 47 15
524 215 581 37 15
525 252 581 113 15
526 365 581 37 15
527 402 581 38 15
528 440 581 38 15
529 624 581 38 15
530 662 581 38 15
531 700 581 38 15
532 867 581 38 15
533 905 581 39 15
534 944 581 38 15
535 6 596 126 15
536 132 596 36 15
537 168 596 47 15
538 252 596 113 15
539 365 596 37 15
540 402 596 38 15
541 440 596 38 15
542 215 596 37 31
543 738 596 23 15
544 761 596 106 15
545 867 596 38 15
546 905 596 39 15
547 624 596 38 16
548 662 596 38 16
549 700 596 38 31
550 944 596 38 31
551 6 611 126 16
552 132 611 36 16
553 168 611 47 16
554 252 611 113 16
555 365 611 37 16
556 402 611 38 16
557 440 611 38 16
558 738 611 23 16
559 867 611 38 16
560 905 611 39 16
561 624 612 38 15
562 662 612 38 15
563 6 627 126 15
564 132 627 36 15
565 168 627 47 15
566 215 627 37 15
567 252 627 113 15
568 365 627 37 15
569 402 627 38 15
570 440 627 38 15
571 624 627 38 15
572 662 627 38 15
573 700 627 38 15
574 867 627 38 15
575 905 627 39 15
576 944 627 38 15
577 215 642 37 15
578 440 642 38 15
579 700 642 38 15
580 944 642 38 15
