./output/002_jpg
1283 907
1240 765
370
0 4 4 168 27
1 172 4 443 27
2 615 4 435 27
3 1050 4 183 27
4 4 31 168 27
5 172 31 443 27
6 615 31 435 27
7 1050 31 183 27
8 4 58 245 27
9 249 58 164 27
10 413 58 37 27
11 450 58 43 27
12 493 58 165 27
13 658 58 38 27
14 696 58 43 27
15 739 58 165 27
16 904 58 38 27
17 942 58 44 27
18 986 58 165 27
19 1151 58 38 27
20 1189 58 44 27
21 4 85 163 28
22 167 85 38 28
23 205 85 44 28
24 249 85 164 28
25 413 85 37 28
26 450 85 43 28
27 493 85 165 28
28 658 85 38 28
29 696 85 43 28
30 739 85 165 28
31 904 85 38 28
32 942 85 44 28
33 986 85 165 28
34 1151 85 38 28
35 1189 85 44 28
36 4 113 163 26
37 167 113 38 26
38 205 113 44 26
39 249 113 164 26
40 413 113 37 26
41 450 113 43 26
42 493 113 165 26
43 658 113 38 26
44 696 113 43 26
45 739 113 165 26
46 904 113 38 26
47 942 113 44 26
48 986 113 165 26
49 1151 113 38 26
50 1189 113 44 26
51 4 139 163 27
52 167 139 38 27
53 205 139 44 27
54 249 139 164 27
55 413 139 37 27
56 450 139 43 27
57 493 139 165 27
58 658 139 38 27
59 696 139 43 27
60 739 139 165 27
61 904 139 38 27
62 942 139 44 27
63 986 139 165 27
64 1151 139 38 27
65 1189 139 44 27
66 4 166 163 27
67 167 166 38 27
68 205 166 44 27
69 249 166 244 27
70 493 166 246 27
71 739 166 165 27
72 904 166 38 27
73 942 166 44 27
74 986 166 165 27
75 1151 166 38 27
76 1189 166 44 27
77 4 193 163 27
78 167 193 38 27
79 205 193 44 27
80 249 193 163 27
81 412 193 38 27
82 450 193 43 27
83 493 193 164 27
84 657 193 38 27
85 695 193 44 27
86 739 193 165 27
87 904 193 38 27
88 942 193 44 27
89 986 193 165 27
90 1151 193 38 27
91 1189 193 44 27
92 4 220 163 28
93 167 220 38 28
94 205 220 44 28
95 249 220 163 28
96 412 220 38 28
97 450 220 43 28
98 493 220 164 28
99 657 220 38 28
100 695 220 44 28
101 739 220 165 28
102 904 220 38 28
103 942 220 44 28
104 986 220 165 28
105 1151 220 38 28
106 1189 220 44 28
107 4 248 163 27
108 167 248 38 27
109 205 248 44 27
110 249 248 163 27
111 412 248 38 27
112 450 248 43 27
113 493 248 164 27
114 657 248 38 27
115 695 248 44 27
116 739 248 165 27
117 904 248 38 27
118 942 248 44 27
119 986 248 165 27
120 1151 248 38 27
121 1189 248 44 27
122 4 275 163 27
123 167 275 38 27
124 205 275 44 27
125 249 275 163 27
126 412 275 38 27
127 450 275 43 27
128 493 275 164 27
129 657 275 38 27
130 695 275 44 27
131 739 275 165 27
132 904 275 38 27
133 942 275 44 27
134 986 275 165 27
135 1151 275 38 27
136 1189 275 44 27
137 4 302 163 25
138 167 302 38 25
139 205 302 44 25
140 249 302 163 25
141 412 302 38 25
142 450 302 43 25
143 493 302 164 25
144 657 302 38 25
145 695 302 44 25
146 739 302 165 25
147 904 302 38 25
148 942 302 44 25
149 986 302 165 25
150 1151 302 38 25
151 1189 302 44 25
152 4 327 163 29
153 167 327 38 29
154 205 327 44 29
155 249 327 163 29
156 412 327 38 29
157 450 327 43 29
158 493 327 164 29
159 657 327 38 29
160 695 327 44 29
161 739 327 165 29
162 904 327 38 29
163 942 327 44 29
164 986 327 165 29
165 1151 327 38 29
166 1189 327 44 29
167 4 356 163 27
168 167 356 38 27
169 205 356 44 27
170 249 356 163 27
171 412 356 38 27
172 450 356 43 27
173 493 356 164 27
174 657 356 38 27
175 695 356 44 27
176 739 356 165 27
177 904 356 38 27
178 942 356 44 27
179 986 356 165 27
180 1151 356 38 27
181 1189 356 44 27
182 4 383 163 27
183 167 383 38 27
184 205 383 44 27
185 249 383 163 27
186 412 383 38 27
187 450 383 43 27
188 493 383 164 27
189 657 383 38 27
190 695 383 44 27
191 739 383 165 27
192 904 383 38 27
193 942 383 33 27
194 975 383 11 27
195 986 383 155 27
196 1141 383 10 27
197 1151 383 38 27
198 1189 383 44 27
199 249 410 163 26
200 412 410 38 26
201 450 410 43 26
202 493 410 164 26
203 657 410 38 26
204 695 410 44 26
205 739 410 165 26
206 904 410 38 26
207 942 410 33 26
208 975 410 11 26
209 986 410 155 26
210 1141 410 10 26
211 1151 410 38 26
212 1189 410 44 26
213 4 410 163 28
214 167 410 38 28
215 205 410 44 53
216 249 436 163 27
217 412 436 38 27
218 450 436 43 27
219 493 436 164 27
220 657 436 38 27
221 695 436 44 27
222 739 436 165 27
223 904 436 38 27
224 942 436 44 27
225 986 436 165 27
226 1151 436 38 27
227 1189 436 44 27
228 4 438 163 25
229 167 438 38 25
230 4 463 163 27
231 167 463 38 27
232 205 463 44 27
233 249 463 163 27
234 412 463 38 27
235 450 463 43 27
236 493 463 164 27
237 657 463 38 27
238 695 463 44 27
239 739 463 165 27
240 904 463 38 27
241 942 463 44 27
242 986 463 165 27
243 1151 463 38 27
244 1189 463 44 27
245 4 490 163 27
246 167 490 38 27
247 205 490 44 27
248 249 490 163 27
249 412 490 38 27
250 450 490 43 27
251 493 490 164 27
252 657 490 38 27
253 695 490 44 27
254 739 490 165 27
255 904 490 38 27
256 942 490 44 27
257 986 490 165 27
258 1151 490 38 27
259 1189 490 44 27
260 4 517 163 27
261 167 517 38 27
262 205 517 44 27
263 249 517 163 27
264 412 517 38 27
265 450 517 43 27
266 493 517 164 27
267 657 517 38 27
268 695 517 44 27
269 739 517 165 27
270 904 517 38 27
271 942 517 44 27
272 986 517 165 27
273 1151 517 38 27
274 1189 517 44 27
275 4 544 163 27
276 167 544 38 27
277 205 544 44 27
278 249 544 163 27
279 412 544 38 27
280 450 544 43 27
281 493 544 164 27
282 657 544 38 27
283 695 544 44 27
284 739 544 165 27
285 904 544 38 27
286 942 544 44 27
287 986 544 165 27
288 1151 544 38 27
289 1189 544 44 27
290 4 571 163 26
291 167 571 38 26
292 205 571 44 26
293 249 571 163 26
294 412 571 38 26
295 450 571 43 26
296 493 571 164 26
297 657 571 38 26
298 695 571 44 26
299 739 571 165 26
300 904 571 38 26
301 942 571 44 26
302 986 571 165 26
303 1151 571 38 26
304 1189 571 44 26
305 4 597 163 28
306 167 597 38 28
307 205 597 44 28
308 249 597 163 28
309 412 597 38 28
310 450 597 43 28
311 493 597 164 28
312 657 597 38 28
313 695 597 44 28
314 739 597 165 28
315 904 597 38 28
316 942 597 44 28
317 986 597 165 28
318 1151 597 38 28
319 1189 597 44 28
320 4 625 163 27
321 167 625 38 27
322 205 625 44 27
323 249 625 163 27
324 412 625 38 27
325 450 625 43 27
326 493 625 164 27
327 657 625 38 27
328 695 625 44 27
329 739 625 165 27
330 904 625 38 27
331 942 625 44 27
332 986 625 247 109
333 4 652 163 28
334 167 652 38 28
335 205 652 44 28
336 249 652 163 28
337 412 652 38 28
338 450 652 43 28
339 493 652 164 28
340 657 652 38 28
341 695 652 44 28
342 739 652 165 28
343 904 652 38 28
344 942 652 44 28
345 4 680 163 26
346 167 680 38 26
347 205 680 44 26
348 249 680 163 26
349 412 680 38 26
350 450 680 43 26
351 493 680 164 26
352 657 680 38 26
353 695 680 44 26
354 739 680 165 26
355 904 680 38 26
356 942 680 44 26
357 4 706 163 28
358 167 706 38 28
359 205 706 44 28
360 249 706 163 28
361 412 706 38 28
362 450 706 43 28
363 493 706 164 28
364 657 706 38 28
365 695 706 44 28
366 739 706 165 28
367 904 706 38 28
368 942 706 44 28
369 4 734 1229 26
